(30, 10, 60, 160, True(5,0.33), 0.2, 0.016) - 0602_015415ratio_sr32_d10_5db-(7.59,9.55)(2.03,0.83) 
(30, 3, 60, 160, True(5,0.33), 0.2, 0.016) - 0602_020947ratio_sr24_d3_5db-(5.82,6.96)(1.98,0.70) 
(30, 3, 60, 160, True(3,0.33), 0.2, 0.016) - 0602_022117ratio_sr24_d3_5db-(7.16,8.33)(2.18,0.00) 
(30, 6, 60, 160, True(2.5,0.33), 0.2, 0.016) - 0602_022354ratio_sr24_d6_0db-(2.59,5.78)(1.43,0.76) 
(30, 6, 60, 160, True(2.4,0.33), 0.2, 0.016) - 0602_014051ratio_sr24_d6_5db-(9.76,11.82)(1.73,0.66) 
(30, 6, 60, 160, True(4,0.33), 0.2, 0.016) - 0602_022246ratio_sr24_d6_0db-(7.43,12.68)(2.29,0.96) 
(30, 6, 60, 160, True(5,0.50), 0.2, 0.016) - 0602_123538ratio_sr40_d6_5db-(5.91,6.89)(1.64,0.73) 
(30, 6, 60, 160, True(5,0.33), 0.2, 0.016) - 0602_122924ratio_sr32_d6_5db-(10.06,12.88)(3.44,0.87) 
(30, 6, 60, 160, True(4,0.25), 0.2, 0.016) - 0602_123354ratio_sr24_d6_0db-(4.07,7.23)(2.30,0.12) 
(30, 6, 60, 160, True(5,0.25), 0.2, 0.016) - 0602_123458ratio_sr32_d6_5db-(8.72,10.27)(2.77,0.18) 
(30, 6, 60, 160, True(3,0.40), 0.2, 0.016) - 0602_123426ratio_sr24_d6_5db-(10.64,13.39)(2.10,0.87) 
(30, 6, 60, 160, True(3,0.40), 0.2, 0.016) - 0602_123426ratio_sr24_d6_5db-(10.64,13.39)(2.10,0.87) 
(30, 6, 60, 160, True(2.5,0.33), 0.2, 0.016) - 0602_123308noratio_sr24_d6_0db-(7.14,11.18)(1.36,1.19) 
(30, 6, 60, 160, True(4.50,0.33), 0.333, 0.016) - 0603_221831ratio_sr40_d6_5db-(8.95,10.76)(2.48,0.26) 
(30, 6, 60, 160, True(4.5,0.33), 0.2, 0.016) - 0603_221735ratio_sr32_d6_5db-(3.46,4.06)(1.84,0.64) 
(30, 6, 60, 160, True(4,0.33), 0.2, 0.016) - 0604_002522_ratio_sr32_d6__5db-(9.71,11.77)(2.18,0.87) 
(30, 6, 60, 160, True(5,0.33), 0.2, 0.016) - 0604_012358_noratio_sr40_d6_5db-(6.56,7.32)(0.83,2.61) 
(30, 6, 60, 160, True(3,0.40), 0.2, 0.016) - 0604_012516_ratio_sr24_d6_0db-(6.98,11.13)(2.30,0.15) 
(30, 6, 60, 160, True(4.50,0.33), 0.333, 0.016) - 0603_221831ratio_sr40_d6_5db-(8.95,10.76)(2.48,0.26) 
(30, 6, 60, 160, True(4.5,0.33), 0.2, 0.016) - 0603_221735ratio_sr32_d6_5db-(3.46,4.06)(1.84,0.64) 
(30, 6, 60, 160, True(5,0.33), 0.2, 0.016) - 0604_012358_noratio_sr40_d6_5db-(6.56,7.32)(0.83,2.61) 
(30, 6, 60, 160, True(3,0.40), 0.2, 0.016) - 0604_012516_ratio_sr24_d6_0db-(6.98,11.13)(2.30,0.15) 
(30, 6, 60, 160, True(4,0.33), 0.2, 0.016) - 0604_002522_ratio_sr32_d6__5db-(9.71,11.77)(2.18,0.87) 
(30, 6, 60, 160, True(3,0.40), 0.2, 0.016) - 0603_221711ratio_sr24_d6_5db-(10.62,13.38)(2.10,0.82) 
(30, 6, 60, 160, True(3,0.40), 0.2, 0.016) - 0603_221711ratio_sr24_d6_5db-(10.62,13.38)(2.10,0.82) 
(30, 6, 60, 160, True(4.00,0.33), 0.5, 0.016) - 0604_185824ratio_sr40_d6_5db-(1.62,2.25)(1.32,0.00) 
(30, 6, 60, 160, True(4,0.40), 0.2, 0.016) - 0604_230200ratio_sr24_d6_5db-(9.41,11.50)(2.07,1.13) 
(30, 6, 60, 160, True(4,0.40), 0.2, 0.016) - 0604_230200ratio_sr24_d6_5db-(9.41,11.50)(2.07,1.13) 
(30, 6, 60, 160, True(4.00,0.33), 0.5, 0.016) - 0605_152032_sr32_d6_5db-(0.00,0.00)(0.00,0.00) 
(30, 6, 60, 160, True(3,0.40), 0.2, 0.016) - 0604_012516_ratio_sr24_d6_0db-(6.98,11.13)(2.30,0.15) 
(30, 6, 60, 160, True(5,0.33), 0.2, 0.016) - 0604_012358_noratio_sr40_d6_5db-(6.56,7.32)(0.83,2.61) 
(30, 6, 60, 160, True(4.5,0.33), 0.2, 0.016) - 0605_153521_sr32_d6_5db-(9.21,11.51)(1.99,0.76) 
(30, 6, 60, 160, True(4.00,0.33), 0.5, 0.016) - 0606_140832_sr32_d6_5db-(7.91,8.22)(1.79,0.94) 
(30, 3, 60, 128, True(5), 0.02) - 0606_140833_baseline_sr32_d3_5db-(10.56,12.84)(4.58,0.00) 
(30, 3, 60, 128, True(5), 0.02) - 0606_140833_baseline_sr32_d3_5db-(10.56,12.84)(4.58,0.00) 
(30, 6, 60, 160, True(4.5,0.33), 0.2, 0.016) - 0606_141015_sr32_d6_5db-(9.59,11.75)(2.09,0.76) 
(30, 6, 60, 160, True(4.00,0.33), 0.5, 0.016) - 0606_211618_sr32_d6_5db-(3.08,3.67)(1.11,0.70) 
(30, 6, 60, 160, True(4,0.33), 0.2, 0.016) - 0606_200546ratio_sr32_d6_5db-(6.83,8.62)(1.91,2.05) 
(30, 6, 60, 160, True(5,0.33), 0.2, 0.016) - 0606_215330_whole_sr40_d6_5db-(10.40,12.89)(3.68,0.79) 
(30, 3, 60, 128, True(4), 0.02) - 0606_214529_baseline_sr32_d3_5db-(11.06,13.57)(2.57,0.00) 
(30, 6, 60, 160, True(4,0.33), 0.2, 0.016) - 0606_200546ratio_sr32_d6_5db-(6.83,8.62)(1.91,2.05) 
(30, 6, 60, 160, True(4.00,0.33), 0.5, 0.016) - 0606_211618_sr32_d6_5db-(3.08,3.67)(1.11,0.70) 
(30, 6, 60, 160, True(3,1), 0.5) - 0606_211618_sr32_d6_5db-(3.08,3.67)(1.11,0.70) 
(30, 6, 60, 160, True(4,0.33), 0.2, 0.016) - 0606_200546ratio_sr32_d6_5db-(6.83,8.62)(1.91,2.05) 
(30, 6, 60, 128, True(3), 0.02) - 0606_215640_baseline_sr24_d6_0db-(15.42,-12.20)(2.88,0.00) 
((30, 3, 60, 128, True (4), 0.02) - 0606_214529_baseline_sr32_d3_5db -(11.06,13.57)(2.57,0.00) 
(30, 6, 60, 128, True(4), 0.02) - 0608_211355_baseline_sr24_d6_0db-(1.89,13.70)(3.48,0.00) 
(30, 6, 60, 128, True(4), 0.02) - 0608_211355_baseline_sr24_d6_0db-(1.89,13.70)(3.48,0.00) 
(30, 6, 60, 160, True(4.00,0.33), 0.5, 0.016) - 0608_205231_sr32_d6_0db-(6.35,10.43)(2.43,1.98) 
(30, 6, 60, 128, True(3.5), 0.02) - 0609_031707_baseline_sr24_d6_0db-(1.58,13.70)(3.39,0.00) 
(30, 6, 60, 128, True(3.5), 0.02) - 0609_031707_baseline_sr24_d6_0db-(1.58,13.70)(3.39,0.00) 
(30, 6, 60, 160, True(4.00,0.33), 0.5, 0.016) - 0608_205231_sr32_d6_0db-(6.35,10.43)(2.43,1.98) 
(30, 6, 60, 160, False(4.00,0.33), 0.5, 0.016) - 0609_214801_srFalse40.0_d6_5db-(12.31,17.11)(1.31,1.03) 
((30, 6, 60, 160, True(1,0.40), 0.2, 0.016) - 0610_185003_16_d6_5db -(12.11,16.52)(1.93,0.90) 
(30, 6, 60, 128, True(3.5), 0.02) - 0613_185946_baseline_sr24_d6_5db-(7.56,11.46)(3.00,0.00) 
(30, 6, 60, 128, True(3.5), 0.02) - 0613_185946_baseline_sr24_d6_5db-(7.56,11.46)(3.00,0.00) 
(30, 6, 60, 128, True(4), 0.02) - 0615_163942_baseline_sr24_d6_5db-(6.91,11.98)(4.12,0.00) 
